600355
600571
600624
600645
600778
603169
603898
000526
000756
000885
002436
002533
002587
300411
600101
600353
002728
002115
002571
600207
399006
300184
600330
600526
002702
002276
601368
002765
603227
600368
000582
002299
002672
502012
502055
600503
600133
000939
600986
300167
002280
300188
600680
002227
300251
000572
000996
002643
600403
000735
600705
600857
002188
600662
600510
002295
601038
600851
600783
600283
002739
600340
600708
600859
002416
002640
600415
002095
002607
002427
600610
002156
600716
002442
002250
002292
600198
002707
002617
000760
300032
002308
002476
600229
002642
600871
600055
600547
000597
002562
002202
000676
300310
603223
002154
600477
002244
000829
002027
600798
600650
600750
002570
603117
002223
600148
002385
600756
000977
600020
600846
600797
000038
603808
603869
002432
300074
000012
601390
002183
600100
000541
601918
000665
600804
502054
502011
502058
601107
002497
002568
002405
002466
002053
000504
603158
603005
600848
002372
000587
002548
000428
600113
600895
600663
600648
600119
601880
601008
603126
600401
601012
000797
002085
002714
000782
000816
002457
601002
002181
502005
002347
601985
002657
300431
300104
600300
002555
000778
000720
600518
603198
601016
300369
603166
600516
002415
002193
601968
000009
300236
000875
000488
000635
002359
002274
603568
002598
000717
002506
600879
600343
600029
300079
600111
601318
000411
600862
300120
002356
600292
000540
002468
000028
300200
600495
600611
002527
600389
600486
600500
603885
600158
600754
600388
600122
002162
000759
600623
601928
002039
000831
600493
002107
000410
000931
600599
600149
600215
600703
002197
600868
600701
000923
601231
603606
603838
600893
600478
600191
600086
002619
300086
000697
600869
002190
600497
002364
600190
002477
601718
603979
002325
002252
002104
002718
603022
002735
002703
600017
600422
002410
000024
502008
002547
600276
600452
000656
000034
600688
000063
002414
160717
510900
600886
600674
600584
000820
600030
601006
600310
000793
600834
600820
600742
002230
000988
002494
600359
002108
002694
002564
600588
000591
000967
000025
600448
600789
000922
600890
000752
600773
600649
600764
000415
601933
000930
600737
000031
600598
002024
000938
600050
000425
601166
000721
002266
603600
600876
600838
002594
000958
600260
601766
002179
300114
000628
002770
600483
600115
600018
002675
000418
002049
600724
600545
000993
300067
000837
002556
600307
600103
600790
000498
600426
600807
000520
002285
600713
600963
601118
600843
601198
600269
000978
600048
002336
600567
600221
600898
000802
002509
600760
000400
600064
002771
502050
000021
600570
601989
601288
002009
600266
600376
002251
600000
601018
603618
002456
002070
601333
000856
002142
601009
601328
600173
000401
600036
601169
002242